21
A 2 5 21 6 -1 1339.500000 1.708286
E 15 19 8 4 1 -57.000000 1.128251
E 14 18 10 6 1 -210.000000 1.158618
A 1 5 22 6 1 1382.500000 1.212688
A 3 5 20 6 1 1289.000000 1.299648
E 15 18 8 6 -1 -188.000000 1.879180
E 14 19 10 4 -1 -95.000000 1.767784
A 6 3 1 8 -1 104.000000 1.326116
A 5 7 16 2 -1 176.000000 1.511633
B 3 19 6 1 -1 20.000000 1.585930
A 7 20 3 2 -1 6.000000 1.479066
A 22 13 2 4 1 -20.000000 1.407493
E 1 1 2 6 1 -10.000000 1.408269
A 10 0 7 6 1 -372.000000 1.429142
E 13 18 10 6 1 -85.000000 1.236258
E 4 15 12 2 -1 35.000000 1.275999
A 9 0 3 2 1 -25.000000 1.283862
B 1 6 12 5 1 38.500000 1.476708
C 5 7 2 12 -1 -734.500000 1.596916
A 4 3 9 8 1 1053.500000 1.831906
A 9 9 3 2 -1 -5.000000 1.651392
