18
A 0 4 8 8 -1 923.000000 1.484072
B 0 0 12 1 1 -160.000000 1.207198
A 16 19 1 2 -1 5.000000 1.243634
A 0 4 7 8 1 859.000000 1.714072
A 9 3 3 20 1 98.000000 1.233008
A 5 6 12 2 -1 36.000000 1.393842
B 1 0 10 3 -1 -366.000000 1.491705
A 15 19 2 2 1 -4.000000 1.927132
E 14 22 10 2 1 -19.000000 1.569387
E 0 3 2 8 -1 6.500000 2.038500
B 11 11 4 1 -1 -1.500000 1.887012
A 5 2 6 2 1 -104.000000 2.430501
E 11 4 12 8 -1 257.500000 2.432053
E 15 4 2 6 -1 10.000000 2.970191
E 16 4 4 20 1 106.000000 3.306017
A 9 8 10 2 -1 38.000000 3.690102
B 1 0 2 1 1 -2.000000 2.591709
B 13 18 10 2 1 29.000000 3.138226
