50
A 2 5 21 6 -1 1339.500000 1.708286
E 15 19 8 4 1 -57.000000 1.128251
E 14 18 10 6 1 -210.000000 1.158618
A 1 5 22 6 1 1382.500000 1.212688
A 3 5 20 6 1 1289.000000 1.299648
E 15 18 8 6 -1 -188.000000 1.879180
E 14 19 10 4 -1 -95.000000 1.767784
A 6 3 1 8 -1 104.000000 1.326116
A 5 7 16 2 -1 176.000000 1.511633
B 3 19 6 1 -1 20.000000 1.585930
A 7 20 3 2 -1 6.000000 1.479066
A 22 13 2 4 1 -20.000000 1.407493
E 1 1 2 6 1 -10.000000 1.408269
A 10 0 7 6 1 -372.000000 1.429142
E 13 18 10 6 1 -85.000000 1.236258
E 4 15 12 2 -1 35.000000 1.275999
A 9 0 3 2 1 -25.000000 1.283862
B 1 6 12 5 1 38.500000 1.476708
C 5 7 2 12 -1 -734.500000 1.596916
A 4 3 9 8 1 1053.500000 1.831906
A 9 9 3 2 -1 -5.000000 1.651392
E 1 20 14 2 1 -2.000000 1.866048
E 16 18 8 6 1 -126.500000 1.883126
C 2 9 22 12 1 -9670.000000 1.990054
E 0 10 10 14 -1 44.500000 2.217532
B 0 3 4 9 1 14.000000 2.883661
A 3 1 7 12 -1 1092.500000 3.146356
E 21 13 2 2 -1 0.000000 3.088677
E 7 5 10 18 -1 -262.000000 3.418336
B 10 0 6 6 -1 159.000000 3.517716
B 0 0 2 15 -1 37.500000 4.535480
E 4 19 14 4 -1 -63.000000 4.252638
B 8 16 14 1 1 -45.000000 4.254647
E 5 10 14 10 1 62.000000 5.553687
E 5 2 14 20 1 -82.500000 5.110741
A 8 6 5 10 1 199.500000 6.382413
E 4 0 14 12 1 312.500000 8.828282
C 1 6 1 6 1 -143.000000 7.864864
B 5 0 2 13 -1 1.000000 6.956610
E 16 0 8 2 -1 46.000000 10.525842
E 1 2 6 4 1 -166.500000 12.743710
A 11 7 4 2 -1 8.000000 8.483128
A 9 9 4 2 -1 16.000000 8.207335
E 7 16 14 8 -1 3.500000 8.301053
A 3 3 2 2 1 -8.000000 6.886392
E 8 2 6 8 -1 150.500000 9.155228
E 11 9 4 2 -1 -7.000000 9.470735
E 4 8 2 14 1 33.000000 12.040406
A 21 5 2 6 -1 70.000000 10.071634
E 21 7 2 16 1 2.000000 11.352317
